rl	V(a)	V(b)	V(c)	I(Rlth)	I(Rl)
1.000000000000000e+00	4.641205e+00	4.639742e+00	1.462640e-03	1.462640e-03	1.462892e-03
1.100000000000000e+01	4.651183e+00	4.635214e+00	1.596600e-02	1.451454e-03	1.451705e-03
2.100000000000000e+01	4.661009e+00	4.630754e+00	3.024922e-02	1.440439e-03	1.440687e-03
3.100000000000000e+01	4.670687e+00	4.626362e+00	4.431727e-02	1.429589e-03	1.429836e-03
4.100000000000000e+01	4.680221e+00	4.622036e+00	5.817498e-02	1.418902e-03	1.419147e-03
5.100000000000000e+01	4.689612e+00	4.617773e+00	7.182704e-02	1.408373e-03	1.408616e-03
6.100000000000000e+01	4.698866e+00	4.613574e+00	8.527799e-02	1.398000e-03	1.398241e-03
7.100000000000000e+01	4.707985e+00	4.609436e+00	9.853223e-02	1.387778e-03	1.388017e-03
8.100000000000000e+01	4.716971e+00	4.605358e+00	1.115941e-01	1.377704e-03	1.377942e-03
9.100000000000000e+01	4.725827e+00	4.601338e+00	1.244676e-01	1.367776e-03	1.368012e-03
1.010000000000000e+02	4.734557e+00	4.597376e+00	1.371570e-01	1.357990e-03	1.358224e-03
1.110000000000000e+02	4.743163e+00	4.593471e+00	1.496660e-01	1.348343e-03	1.348575e-03
1.210000000000000e+02	4.751647e+00	4.589621e+00	1.619986e-01	1.338832e-03	1.339062e-03
1.310000000000000e+02	4.760013e+00	4.585824e+00	1.741584e-01	1.329454e-03	1.329683e-03
1.410000000000000e+02	4.768261e+00	4.582080e+00	1.861491e-01	1.320206e-03	1.320434e-03
1.510000000000000e+02	4.776397e+00	4.578389e+00	1.979741e-01	1.311087e-03	1.311313e-03
1.610000000000000e+02	4.784420e+00	4.574747e+00	2.096369e-01	1.302092e-03	1.302317e-03
1.710000000000000e+02	4.792335e+00	4.571156e+00	2.211407e-01	1.293220e-03	1.293443e-03
1.810000000000000e+02	4.800141e+00	4.567613e+00	2.324888e-01	1.284468e-03	1.284690e-03
1.910000000000000e+02	4.807844e+00	4.564117e+00	2.436844e-01	1.275834e-03	1.276054e-03
2.010000000000000e+02	4.815443e+00	4.560668e+00	2.547304e-01	1.267315e-03	1.267534e-03
2.110000000000000e+02	4.822941e+00	4.557265e+00	2.656299e-01	1.258910e-03	1.259127e-03
2.210000000000000e+02	4.830341e+00	4.553907e+00	2.763858e-01	1.250614e-03	1.250830e-03
2.310000000000000e+02	4.837644e+00	4.550593e+00	2.870009e-01	1.242428e-03	1.242642e-03
2.410000000000000e+02	4.844851e+00	4.547322e+00	2.974778e-01	1.234348e-03	1.234561e-03
2.510000000000000e+02	4.851966e+00	4.544094e+00	3.078195e-01	1.226372e-03	1.226584e-03
2.610000000000000e+02	4.858989e+00	4.540906e+00	3.180283e-01	1.218499e-03	1.218709e-03
2.710000000000000e+02	4.865923e+00	4.537759e+00	3.281069e-01	1.210726e-03	1.210935e-03
2.810000000000000e+02	4.872768e+00	4.534653e+00	3.380576e-01	1.203052e-03	1.203259e-03
2.910000000000000e+02	4.879528e+00	4.531585e+00	3.478831e-01	1.195475e-03	1.195681e-03
3.010000000000000e+02	4.886203e+00	4.528556e+00	3.575855e-01	1.187992e-03	1.188197e-03
3.110000000000000e+02	4.892795e+00	4.525564e+00	3.671673e-01	1.180602e-03	1.180806e-03
3.210000000000000e+02	4.899305e+00	4.522610e+00	3.766306e-01	1.173304e-03	1.173506e-03
3.310000000000000e+02	4.905735e+00	4.519691e+00	3.859776e-01	1.166095e-03	1.166297e-03
3.410000000000000e+02	4.912087e+00	4.516809e+00	3.952105e-01	1.158975e-03	1.159175e-03
3.510000000000000e+02	4.918362e+00	4.513961e+00	4.043312e-01	1.151941e-03	1.152139e-03
3.610000000000000e+02	4.924561e+00	4.511148e+00	4.133420e-01	1.144992e-03	1.145189e-03
3.710000000000000e+02	4.930686e+00	4.508368e+00	4.222447e-01	1.138126e-03	1.138322e-03
3.810000000000000e+02	4.936738e+00	4.505622e+00	4.310412e-01	1.131342e-03	1.131537e-03
3.910000000000000e+02	4.942718e+00	4.502908e+00	4.397335e-01	1.124638e-03	1.124832e-03
4.010000000000000e+02	4.948627e+00	4.500226e+00	4.483234e-01	1.118013e-03	1.118206e-03
4.110000000000000e+02	4.954467e+00	4.497576e+00	4.568127e-01	1.111466e-03	1.111658e-03
4.210000000000000e+02	4.960239e+00	4.494956e+00	4.652031e-01	1.104995e-03	1.105186e-03
4.310000000000000e+02	4.965945e+00	4.492367e+00	4.734964e-01	1.098600e-03	1.098789e-03
4.410000000000000e+02	4.971585e+00	4.489808e+00	4.816943e-01	1.092277e-03	1.092466e-03
4.510000000000000e+02	4.977160e+00	4.487278e+00	4.897983e-01	1.086027e-03	1.086215e-03
4.610000000000000e+02	4.982672e+00	4.484776e+00	4.978102e-01	1.079849e-03	1.080035e-03
4.710000000000000e+02	4.988122e+00	4.482303e+00	5.057313e-01	1.073739e-03	1.073925e-03
4.810000000000000e+02	4.993509e+00	4.479857e+00	5.135634e-01	1.067699e-03	1.067883e-03
4.910000000000000e+02	4.998837e+00	4.477439e+00	5.213078e-01	1.061727e-03	1.061910e-03
5.010000000000000e+02	5.004106e+00	4.475049e+00	5.289661e-01	1.055820e-03	1.056002e-03
5.110000000000000e+02	5.009316e+00	4.472684e+00	5.365396e-01	1.049980e-03	1.050161e-03
5.210000000000000e+02	5.014469e+00	4.470345e+00	5.440298e-01	1.044203e-03	1.044383e-03
5.310000000000000e+02	5.019566e+00	4.468032e+00	5.514381e-01	1.038490e-03	1.038669e-03
5.410000000000000e+02	5.024607e+00	4.465745e+00	5.587657e-01	1.032839e-03	1.033017e-03
5.510000000000000e+02	5.029593e+00	4.463482e+00	5.660140e-01	1.027249e-03	1.027426e-03
5.610000000000000e+02	5.034526e+00	4.461243e+00	5.731843e-01	1.021719e-03	1.021895e-03
5.710000000000000e+02	5.039406e+00	4.459029e+00	5.802777e-01	1.016248e-03	1.016423e-03
5.810000000000000e+02	5.044234e+00	4.456837e+00	5.872957e-01	1.010836e-03	1.011010e-03
5.910000000000000e+02	5.049011e+00	4.454669e+00	5.942392e-01	1.005481e-03	1.005654e-03
6.010000000000000e+02	5.053738e+00	4.452525e+00	6.011096e-01	1.000182e-03	1.000355e-03
6.110000000000000e+02	5.058414e+00	4.450402e+00	6.079080e-01	9.949394e-04	9.951108e-04
6.210000000000000e+02	5.063043e+00	4.448302e+00	6.146354e-01	9.897511e-04	9.899216e-04
6.310000000000000e+02	5.067623e+00	4.446223e+00	6.212930e-01	9.846166e-04	9.847862e-04
6.410000000000000e+02	5.072156e+00	4.444166e+00	6.278819e-01	9.795350e-04	9.797039e-04
6.510000000000000e+02	5.076643e+00	4.442130e+00	6.344032e-01	9.745057e-04	9.746737e-04
6.610000000000000e+02	5.081083e+00	4.440114e+00	6.408579e-01	9.695278e-04	9.696949e-04
6.710000000000000e+02	5.085478e+00	4.438120e+00	6.472469e-01	9.646005e-04	9.647667e-04
6.810000000000000e+02	5.089829e+00	4.436145e+00	6.535714e-01	9.597230e-04	9.598884e-04
6.910000000000000e+02	5.094136e+00	4.434191e+00	6.598321e-01	9.548946e-04	9.550591e-04
7.010000000000000e+02	5.098401e+00	4.432255e+00	6.660302e-01	9.501145e-04	9.502782e-04
7.110000000000000e+02	5.102622e+00	4.430340e+00	6.721666e-01	9.453820e-04	9.455449e-04
7.210000000000000e+02	5.106802e+00	4.428443e+00	6.782421e-01	9.406965e-04	9.408586e-04
7.310000000000000e+02	5.110940e+00	4.426565e+00	6.842577e-01	9.360571e-04	9.362185e-04
7.410000000000000e+02	5.115038e+00	4.424705e+00	6.902143e-01	9.314633e-04	9.316239e-04
7.510000000000000e+02	5.119096e+00	4.422863e+00	6.961128e-01	9.269144e-04	9.270742e-04
7.610000000000000e+02	5.123115e+00	4.421040e+00	7.019538e-01	9.224097e-04	9.225687e-04
7.710000000000000e+02	5.127094e+00	4.419234e+00	7.077383e-01	9.179485e-04	9.181068e-04
7.810000000000000e+02	5.131035e+00	4.417445e+00	7.134672e-01	9.135304e-04	9.136878e-04
7.910000000000000e+02	5.134939e+00	4.415674e+00	7.191412e-01	9.091545e-04	9.093112e-04
8.010000000000000e+02	5.138805e+00	4.413919e+00	7.247611e-01	9.048203e-04	9.049763e-04
8.110000000000000e+02	5.142634e+00	4.412181e+00	7.303277e-01	9.005273e-04	9.006825e-04
8.210000000000000e+02	5.146428e+00	4.410460e+00	7.358416e-01	8.962749e-04	8.964293e-04
8.310000000000000e+02	5.150186e+00	4.408754e+00	7.413038e-01	8.920623e-04	8.922160e-04
8.410000000000000e+02	5.153908e+00	4.407065e+00	7.467148e-01	8.878892e-04	8.880423e-04
8.510000000000000e+02	5.157596e+00	4.405391e+00	7.520755e-01	8.837550e-04	8.839073e-04
8.610000000000000e+02	5.161250e+00	4.403733e+00	7.573865e-01	8.796591e-04	8.798107e-04
8.710000000000000e+02	5.164870e+00	4.402090e+00	7.626485e-01	8.756010e-04	8.757519e-04
8.810000000000000e+02	5.168457e+00	4.400462e+00	7.678621e-01	8.715802e-04	8.717303e-04
8.910000000000000e+02	5.172011e+00	4.398849e+00	7.730281e-01	8.675961e-04	8.677455e-04
9.010000000000000e+02	5.175532e+00	4.397251e+00	7.781470e-01	8.636483e-04	8.637971e-04
9.110000000000000e+02	5.179022e+00	4.395668e+00	7.832196e-01	8.597362e-04	8.598843e-04
9.210000000000000e+02	5.182480e+00	4.394098e+00	7.882465e-01	8.558594e-04	8.560069e-04
9.310000000000000e+02	5.185907e+00	4.392543e+00	7.932282e-01	8.520174e-04	8.521642e-04
9.410000000000000e+02	5.189304e+00	4.391001e+00	7.981654e-01	8.482098e-04	8.483559e-04
9.510000000000000e+02	5.192670e+00	4.389473e+00	8.030587e-01	8.444360e-04	8.445815e-04
9.610000000000000e+02	5.196007e+00	4.387959e+00	8.079085e-01	8.406957e-04	8.408406e-04
9.710000000000000e+02	5.199314e+00	4.386458e+00	8.127157e-01	8.369884e-04	8.371326e-04
9.810000000000000e+02	5.202592e+00	4.384971e+00	8.174806e-01	8.333136e-04	8.334572e-04
9.910000000000000e+02	5.205842e+00	4.383496e+00	8.222039e-01	8.296709e-04	8.298139e-04
1.001000000000000e+03	5.209063e+00	4.382034e+00	8.268861e-01	8.260600e-04	8.262023e-04
1.011000000000000e+03	5.212256e+00	4.380585e+00	8.315276e-01	8.224803e-04	8.226220e-04
1.021000000000000e+03	5.215422e+00	4.379148e+00	8.361291e-01	8.189316e-04	8.190727e-04
1.031000000000000e+03	5.218560e+00	4.377724e+00	8.406911e-01	8.154133e-04	8.155538e-04
1.041000000000000e+03	5.221672e+00	4.376312e+00	8.452141e-01	8.119251e-04	8.120650e-04
1.051000000000000e+03	5.224757e+00	4.374912e+00	8.496985e-01	8.084667e-04	8.086060e-04
1.061000000000000e+03	5.227816e+00	4.373524e+00	8.541448e-01	8.050376e-04	8.051763e-04
1.071000000000000e+03	5.230849e+00	4.372147e+00	8.585536e-01	8.016374e-04	8.017755e-04
1.081000000000000e+03	5.233856e+00	4.370782e+00	8.629254e-01	7.982659e-04	7.984034e-04
1.091000000000000e+03	5.236839e+00	4.369429e+00	8.672605e-01	7.949225e-04	7.950595e-04
1.101000000000000e+03	5.239796e+00	4.368087e+00	8.715594e-01	7.916071e-04	7.917435e-04
1.111000000000000e+03	5.242729e+00	4.366755e+00	8.758227e-01	7.883193e-04	7.884551e-04
1.121000000000000e+03	5.245638e+00	4.365436e+00	8.800507e-01	7.850586e-04	7.851939e-04
1.131000000000000e+03	5.248523e+00	4.364127e+00	8.842438e-01	7.818248e-04	7.819595e-04
1.141000000000000e+03	5.251384e+00	4.362828e+00	8.884025e-01	7.786175e-04	7.787516e-04
1.151000000000000e+03	5.254221e+00	4.361540e+00	8.925273e-01	7.754364e-04	7.755700e-04
1.161000000000000e+03	5.257036e+00	4.360263e+00	8.966185e-01	7.722812e-04	7.724143e-04
1.171000000000000e+03	5.259828e+00	4.358996e+00	9.006765e-01	7.691516e-04	7.692841e-04
1.181000000000000e+03	5.262597e+00	4.357739e+00	9.047018e-01	7.660472e-04	7.661792e-04
1.191000000000000e+03	5.265344e+00	4.356493e+00	9.086947e-01	7.629679e-04	7.630993e-04
1.201000000000000e+03	5.268069e+00	4.355256e+00	9.126557e-01	7.599131e-04	7.600440e-04
1.211000000000000e+03	5.270772e+00	4.354029e+00	9.165850e-01	7.568827e-04	7.570132e-04
1.221000000000000e+03	5.273454e+00	4.352812e+00	9.204831e-01	7.538764e-04	7.540063e-04
1.231000000000000e+03	5.276114e+00	4.351604e+00	9.243504e-01	7.508939e-04	7.510233e-04
1.241000000000000e+03	5.278754e+00	4.350407e+00	9.281872e-01	7.479349e-04	7.480638e-04
1.251000000000000e+03	5.281373e+00	4.349218e+00	9.319939e-01	7.449992e-04	7.451275e-04
1.261000000000000e+03	5.283971e+00	4.348039e+00	9.357708e-01	7.420863e-04	7.422141e-04
1.271000000000000e+03	5.286549e+00	4.346869e+00	9.395183e-01	7.391961e-04	7.393236e-04
1.281000000000000e+03	5.289107e+00	4.345708e+00	9.432368e-01	7.363285e-04	7.364553e-04
1.291000000000000e+03	5.291646e+00	4.344556e+00	9.469264e-01	7.334829e-04	7.336093e-04
1.301000000000000e+03	5.294165e+00	4.343413e+00	9.505877e-01	7.306593e-04	7.307852e-04
1.311000000000000e+03	5.296664e+00	4.342279e+00	9.542209e-01	7.278573e-04	7.279827e-04
1.321000000000000e+03	5.299144e+00	4.341153e+00	9.578264e-01	7.250767e-04	7.252017e-04
1.331000000000000e+03	5.301606e+00	4.340036e+00	9.614044e-01	7.223173e-04	7.224418e-04
1.341000000000000e+03	5.304049e+00	4.338927e+00	9.649552e-01	7.195788e-04	7.197028e-04
1.351000000000000e+03	5.306473e+00	4.337827e+00	9.684793e-01	7.168610e-04	7.169846e-04
1.361000000000000e+03	5.308879e+00	4.336735e+00	9.719768e-01	7.141637e-04	7.142868e-04
1.371000000000000e+03	5.311267e+00	4.335651e+00	9.754481e-01	7.114866e-04	7.116091e-04
1.381000000000000e+03	5.313638e+00	4.334576e+00	9.788935e-01	7.088294e-04	7.089516e-04
1.391000000000000e+03	5.315990e+00	4.333508e+00	9.823132e-01	7.061921e-04	7.063138e-04
1.401000000000000e+03	5.318326e+00	4.332448e+00	9.857076e-01	7.035743e-04	7.036955e-04
1.411000000000000e+03	5.320643e+00	4.331396e+00	9.890769e-01	7.009758e-04	7.010966e-04
1.421000000000000e+03	5.322945e+00	4.330352e+00	9.924214e-01	6.983965e-04	6.985168e-04
1.431000000000000e+03	5.325229e+00	4.329316e+00	9.957414e-01	6.958360e-04	6.959559e-04
1.441000000000000e+03	5.327496e+00	4.328287e+00	9.990371e-01	6.932943e-04	6.934138e-04
1.451000000000000e+03	5.329747e+00	4.327265e+00	1.002309e+00	6.907711e-04	6.908901e-04
1.461000000000000e+03	5.331981e+00	4.326251e+00	1.005557e+00	6.882662e-04	6.883848e-04
1.471000000000000e+03	5.334199e+00	4.325244e+00	1.008781e+00	6.857794e-04	6.858975e-04
1.481000000000000e+03	5.336402e+00	4.324245e+00	1.011983e+00	6.833104e-04	6.834282e-04
1.491000000000000e+03	5.338588e+00	4.323252e+00	1.015161e+00	6.808593e-04	6.809765e-04
1.501000000000000e+03	5.340759e+00	4.322267e+00	1.018317e+00	6.784255e-04	6.785425e-04
1.511000000000000e+03	5.342915e+00	4.321289e+00	1.021450e+00	6.760092e-04	6.761257e-04
1.521000000000000e+03	5.345055e+00	4.320318e+00	1.024561e+00	6.736100e-04	6.737261e-04
1.531000000000000e+03	5.347180e+00	4.319353e+00	1.027650e+00	6.712278e-04	6.713435e-04
1.541000000000000e+03	5.349290e+00	4.318396e+00	1.030717e+00	6.688624e-04	6.689776e-04
1.551000000000000e+03	5.351386e+00	4.317445e+00	1.033763e+00	6.665136e-04	6.666284e-04
1.561000000000000e+03	5.353466e+00	4.316501e+00	1.036787e+00	6.641812e-04	6.642956e-04
1.571000000000000e+03	5.355532e+00	4.315563e+00	1.039790e+00	6.618651e-04	6.619791e-04
1.581000000000000e+03	5.357584e+00	4.314632e+00	1.042772e+00	6.595650e-04	6.596787e-04
1.591000000000000e+03	5.359622e+00	4.313707e+00	1.045734e+00	6.572810e-04	6.573942e-04
1.601000000000000e+03	5.361645e+00	4.312789e+00	1.048675e+00	6.550126e-04	6.551255e-04
1.611000000000000e+03	5.363654e+00	4.311877e+00	1.051596e+00	6.527599e-04	6.528724e-04
1.621000000000000e+03	5.365650e+00	4.310971e+00	1.054497e+00	6.505226e-04	6.506348e-04
1.631000000000000e+03	5.367632e+00	4.310071e+00	1.057378e+00	6.483006e-04	6.484123e-04
1.641000000000000e+03	5.369601e+00	4.309178e+00	1.060240e+00	6.460938e-04	6.462051e-04
1.651000000000000e+03	5.371556e+00	4.308291e+00	1.063082e+00	6.439019e-04	6.440128e-04
1.661000000000000e+03	5.373498e+00	4.307410e+00	1.065905e+00	6.417249e-04	6.418354e-04
1.671000000000000e+03	5.375427e+00	4.306534e+00	1.068709e+00	6.395624e-04	6.396726e-04
1.681000000000000e+03	5.377343e+00	4.305665e+00	1.071494e+00	6.374146e-04	6.375244e-04
1.691000000000000e+03	5.379246e+00	4.304801e+00	1.074260e+00	6.352811e-04	6.353905e-04
1.701000000000000e+03	5.381137e+00	4.303943e+00	1.077008e+00	6.331618e-04	6.332709e-04
1.711000000000000e+03	5.383015e+00	4.303091e+00	1.079738e+00	6.310566e-04	6.311653e-04
1.721000000000000e+03	5.384880e+00	4.302244e+00	1.082449e+00	6.289654e-04	6.290738e-04
1.731000000000000e+03	5.386733e+00	4.301403e+00	1.085143e+00	6.268880e-04	6.269960e-04
1.741000000000000e+03	5.388574e+00	4.300568e+00	1.087819e+00	6.248243e-04	6.249319e-04
1.751000000000000e+03	5.390403e+00	4.299738e+00	1.090477e+00	6.227741e-04	6.228814e-04
1.761000000000000e+03	5.392220e+00	4.298913e+00	1.093118e+00	6.207373e-04	6.208443e-04
1.771000000000000e+03	5.394025e+00	4.298094e+00	1.095742e+00	6.187138e-04	6.188204e-04
1.781000000000000e+03	5.395818e+00	4.297280e+00	1.098349e+00	6.167035e-04	6.168098e-04
1.791000000000000e+03	5.397600e+00	4.296472e+00	1.100939e+00	6.147062e-04	6.148121e-04
1.801000000000000e+03	5.399370e+00	4.295668e+00	1.103512e+00	6.127218e-04	6.128273e-04
1.811000000000000e+03	5.401129e+00	4.294870e+00	1.106068e+00	6.107501e-04	6.108553e-04
1.821000000000000e+03	5.402876e+00	4.294077e+00	1.108609e+00	6.087911e-04	6.088960e-04
1.831000000000000e+03	5.404613e+00	4.293289e+00	1.111133e+00	6.068446e-04	6.069492e-04
1.841000000000000e+03	5.406338e+00	4.292506e+00	1.113640e+00	6.049105e-04	6.050148e-04
1.851000000000000e+03	5.408052e+00	4.291728e+00	1.116132e+00	6.029888e-04	6.030927e-04
1.861000000000000e+03	5.409756e+00	4.290955e+00	1.118608e+00	6.010791e-04	6.011827e-04
1.871000000000000e+03	5.411448e+00	4.290187e+00	1.121069e+00	5.991816e-04	5.992848e-04
1.881000000000000e+03	5.413131e+00	4.289423e+00	1.123514e+00	5.972960e-04	5.973989e-04
1.891000000000000e+03	5.414802e+00	4.288665e+00	1.125943e+00	5.954222e-04	5.955248e-04
1.901000000000000e+03	5.416463e+00	4.287911e+00	1.128358e+00	5.935602e-04	5.936624e-04
1.911000000000000e+03	5.418114e+00	4.287162e+00	1.130757e+00	5.917097e-04	5.918117e-04
1.921000000000000e+03	5.419755e+00	4.286417e+00	1.133142e+00	5.898707e-04	5.899724e-04
1.931000000000000e+03	5.421385e+00	4.285677e+00	1.135511e+00	5.880432e-04	5.881445e-04
1.941000000000000e+03	5.423005e+00	4.284942e+00	1.137866e+00	5.862269e-04	5.863279e-04
1.951000000000000e+03	5.424615e+00	4.284212e+00	1.140207e+00	5.844219e-04	5.845226e-04
1.961000000000000e+03	5.426215e+00	4.283485e+00	1.142533e+00	5.826279e-04	5.827282e-04
1.971000000000000e+03	5.427806e+00	4.282763e+00	1.144845e+00	5.808449e-04	5.809449e-04
1.981000000000000e+03	5.429387e+00	4.282046e+00	1.147143e+00	5.790727e-04	5.791725e-04
1.991000000000000e+03	5.430958e+00	4.281333e+00	1.149427e+00	5.773114e-04	5.774108e-04
2.001000000000000e+03	5.432519e+00	4.280624e+00	1.151697e+00	5.755607e-04	5.756599e-04
2.011000000000000e+03	5.434072e+00	4.279920e+00	1.153953e+00	5.738206e-04	5.739194e-04
2.021000000000000e+03	5.435615e+00	4.279220e+00	1.156196e+00	5.720910e-04	5.721896e-04
2.031000000000000e+03	5.437148e+00	4.278523e+00	1.158425e+00	5.703718e-04	5.704701e-04
2.041000000000000e+03	5.438673e+00	4.277832e+00	1.160641e+00	5.686629e-04	5.687609e-04
2.051000000000000e+03	5.440188e+00	4.277144e+00	1.162844e+00	5.669642e-04	5.670619e-04
2.061000000000000e+03	5.441694e+00	4.276461e+00	1.165033e+00	5.652756e-04	5.653730e-04
2.071000000000000e+03	5.443192e+00	4.275781e+00	1.167210e+00	5.635971e-04	5.636942e-04
2.081000000000000e+03	5.444680e+00	4.275105e+00	1.169373e+00	5.619285e-04	5.620253e-04
2.091000000000000e+03	5.446160e+00	4.274434e+00	1.171524e+00	5.602697e-04	5.603663e-04
2.101000000000000e+03	5.447631e+00	4.273767e+00	1.173662e+00	5.586207e-04	5.587170e-04
2.111000000000000e+03	5.449093e+00	4.273103e+00	1.175788e+00	5.569814e-04	5.570774e-04
2.121000000000000e+03	5.450547e+00	4.272443e+00	1.177901e+00	5.553517e-04	5.554474e-04
2.131000000000000e+03	5.451992e+00	4.271787e+00	1.180002e+00	5.537315e-04	5.538269e-04
2.141000000000000e+03	5.453429e+00	4.271135e+00	1.182090e+00	5.521207e-04	5.522158e-04
2.151000000000000e+03	5.454858e+00	4.270487e+00	1.184167e+00	5.505193e-04	5.506141e-04
2.161000000000000e+03	5.456278e+00	4.269842e+00	1.186231e+00	5.489271e-04	5.490217e-04
2.171000000000000e+03	5.457690e+00	4.269201e+00	1.188284e+00	5.473441e-04	5.474384e-04
2.181000000000000e+03	5.459094e+00	4.268564e+00	1.190325e+00	5.457702e-04	5.458642e-04
2.191000000000000e+03	5.460490e+00	4.267931e+00	1.192354e+00	5.442054e-04	5.442991e-04
2.201000000000000e+03	5.461878e+00	4.267301e+00	1.194371e+00	5.426494e-04	5.427430e-04
2.211000000000000e+03	5.463258e+00	4.266675e+00	1.196377e+00	5.411024e-04	5.411956e-04
2.221000000000000e+03	5.464630e+00	4.266052e+00	1.198372e+00	5.395642e-04	5.396571e-04
2.231000000000000e+03	5.465994e+00	4.265432e+00	1.200355e+00	5.380346e-04	5.381273e-04
2.241000000000000e+03	5.467351e+00	4.264817e+00	1.202327e+00	5.365137e-04	5.366062e-04
2.251000000000000e+03	5.468700e+00	4.264205e+00	1.204288e+00	5.350015e-04	5.350936e-04
2.261000000000000e+03	5.470042e+00	4.263596e+00	1.206238e+00	5.334977e-04	5.335896e-04
2.271000000000000e+03	5.471375e+00	4.262990e+00	1.208177e+00	5.320022e-04	5.320939e-04
2.281000000000000e+03	5.472702e+00	4.262388e+00	1.210105e+00	5.305153e-04	5.306067e-04
2.291000000000000e+03	5.474021e+00	4.261790e+00	1.212023e+00	5.290365e-04	5.291277e-04
2.301000000000000e+03	5.475333e+00	4.261194e+00	1.213929e+00	5.275660e-04	5.276569e-04
2.311000000000000e+03	5.476637e+00	4.260602e+00	1.215826e+00	5.261037e-04	5.261943e-04
2.321000000000000e+03	5.477935e+00	4.260014e+00	1.217711e+00	5.246494e-04	5.247398e-04
2.331000000000000e+03	5.479225e+00	4.259428e+00	1.219586e+00	5.232032e-04	5.232933e-04
2.341000000000000e+03	5.480508e+00	4.258846e+00	1.221452e+00	5.217649e-04	5.218547e-04
2.351000000000000e+03	5.481784e+00	4.258267e+00	1.223306e+00	5.203345e-04	5.204241e-04
2.361000000000000e+03	5.483053e+00	4.257691e+00	1.225151e+00	5.189119e-04	5.190013e-04
2.371000000000000e+03	5.484315e+00	4.257118e+00	1.226985e+00	5.174970e-04	5.175862e-04
2.381000000000000e+03	5.485570e+00	4.256548e+00	1.228810e+00	5.160899e-04	5.161788e-04
2.391000000000000e+03	5.486819e+00	4.255982e+00	1.230625e+00	5.146904e-04	5.147791e-04
2.401000000000000e+03	5.488060e+00	4.255418e+00	1.232430e+00	5.132984e-04	5.133869e-04
2.411000000000000e+03	5.489295e+00	4.254858e+00	1.234225e+00	5.119140e-04	5.120022e-04
2.421000000000000e+03	5.490524e+00	4.254301e+00	1.236010e+00	5.105370e-04	5.106250e-04
2.431000000000000e+03	5.491745e+00	4.253746e+00	1.237786e+00	5.091674e-04	5.092552e-04
2.441000000000000e+03	5.492960e+00	4.253195e+00	1.239552e+00	5.078051e-04	5.078926e-04
2.451000000000000e+03	5.494169e+00	4.252646e+00	1.241309e+00	5.064502e-04	5.065374e-04
2.461000000000000e+03	5.495372e+00	4.252100e+00	1.243057e+00	5.051024e-04	5.051894e-04
2.471000000000000e+03	5.496568e+00	4.251558e+00	1.244795e+00	5.037618e-04	5.038485e-04
2.481000000000000e+03	5.497757e+00	4.251018e+00	1.246524e+00	5.024282e-04	5.025148e-04
2.491000000000000e+03	5.498940e+00	4.250481e+00	1.248244e+00	5.011017e-04	5.011880e-04
2.501000000000000e+03	5.500117e+00	4.249947e+00	1.249955e+00	4.997822e-04	4.998684e-04
2.511000000000000e+03	5.501288e+00	4.249415e+00	1.251657e+00	4.984697e-04	4.985555e-04
2.521000000000000e+03	5.502453e+00	4.248887e+00	1.253350e+00	4.971640e-04	4.972496e-04
2.531000000000000e+03	5.503612e+00	4.248361e+00	1.255035e+00	4.958651e-04	4.959505e-04
2.541000000000000e+03	5.504764e+00	4.247838e+00	1.256710e+00	4.945730e-04	4.946582e-04
2.551000000000000e+03	5.505911e+00	4.247317e+00	1.258377e+00	4.932876e-04	4.933726e-04
2.561000000000000e+03	5.507051e+00	4.246800e+00	1.260035e+00	4.920089e-04	4.920936e-04
2.571000000000000e+03	5.508186e+00	4.246285e+00	1.261684e+00	4.907367e-04	4.908213e-04
2.581000000000000e+03	5.509315e+00	4.245772e+00	1.263325e+00	4.894712e-04	4.895555e-04
2.591000000000000e+03	5.510438e+00	4.245263e+00	1.264958e+00	4.882122e-04	4.882963e-04
2.601000000000000e+03	5.511556e+00	4.244756e+00	1.266582e+00	4.869596e-04	4.870435e-04
2.611000000000000e+03	5.512668e+00	4.244251e+00	1.268198e+00	4.857134e-04	4.857971e-04
2.621000000000000e+03	5.513773e+00	4.243749e+00	1.269805e+00	4.844736e-04	4.845571e-04
2.631000000000000e+03	5.514874e+00	4.243250e+00	1.271405e+00	4.832401e-04	4.833234e-04
2.641000000000000e+03	5.515968e+00	4.242753e+00	1.272996e+00	4.820129e-04	4.820959e-04
2.651000000000000e+03	5.517058e+00	4.242259e+00	1.274579e+00	4.807919e-04	4.808747e-04
2.661000000000000e+03	5.518141e+00	4.241767e+00	1.276155e+00	4.795771e-04	4.796597e-04
2.671000000000000e+03	5.519219e+00	4.241278e+00	1.277722e+00	4.783683e-04	4.784507e-04
2.681000000000000e+03	5.520292e+00	4.240791e+00	1.279281e+00	4.771657e-04	4.772479e-04
2.691000000000000e+03	5.521360e+00	4.240306e+00	1.280833e+00	4.759691e-04	4.760511e-04
2.701000000000000e+03	5.522422e+00	4.239824e+00	1.282377e+00	4.747785e-04	4.748603e-04
2.711000000000000e+03	5.523479e+00	4.239345e+00	1.283913e+00	4.735938e-04	4.736754e-04
2.721000000000000e+03	5.524530e+00	4.238868e+00	1.285441e+00	4.724150e-04	4.724964e-04
2.731000000000000e+03	5.525577e+00	4.238393e+00	1.286962e+00	4.712421e-04	4.713233e-04
2.741000000000000e+03	5.526618e+00	4.237920e+00	1.288475e+00	4.700749e-04	4.701559e-04
2.751000000000000e+03	5.527654e+00	4.237450e+00	1.289981e+00	4.689136e-04	4.689944e-04
2.761000000000000e+03	5.528685e+00	4.236982e+00	1.291480e+00	4.677580e-04	4.678385e-04
2.771000000000000e+03	5.529710e+00	4.236517e+00	1.292971e+00	4.666080e-04	4.666884e-04
2.781000000000000e+03	5.530731e+00	4.236053e+00	1.294455e+00	4.654637e-04	4.655439e-04
2.791000000000000e+03	5.531747e+00	4.235592e+00	1.295931e+00	4.643250e-04	4.644050e-04
2.801000000000000e+03	5.532758e+00	4.235134e+00	1.297400e+00	4.631919e-04	4.632717e-04
2.811000000000000e+03	5.533763e+00	4.234677e+00	1.298863e+00	4.620642e-04	4.621438e-04
2.821000000000000e+03	5.534765e+00	4.234223e+00	1.300318e+00	4.609421e-04	4.610215e-04
2.831000000000000e+03	5.535761e+00	4.233771e+00	1.301766e+00	4.598254e-04	4.599046e-04
2.841000000000000e+03	5.536752e+00	4.233321e+00	1.303207e+00	4.587141e-04	4.587931e-04
2.851000000000000e+03	5.537739e+00	4.232873e+00	1.304641e+00	4.576081e-04	4.576869e-04
2.861000000000000e+03	5.538721e+00	4.232428e+00	1.306068e+00	4.565074e-04	4.565861e-04
2.871000000000000e+03	5.539698e+00	4.231984e+00	1.307488e+00	4.554121e-04	4.554905e-04
2.881000000000000e+03	5.540670e+00	4.231543e+00	1.308902e+00	4.543220e-04	4.544002e-04
2.891000000000000e+03	5.541638e+00	4.231104e+00	1.310308e+00	4.532371e-04	4.533152e-04
2.901000000000000e+03	5.542601e+00	4.230667e+00	1.311708e+00	4.521573e-04	4.522352e-04
2.911000000000000e+03	5.543560e+00	4.230232e+00	1.313102e+00	4.510827e-04	4.511604e-04
2.921000000000000e+03	5.544514e+00	4.229799e+00	1.314489e+00	4.500132e-04	4.500907e-04
2.931000000000000e+03	5.545463e+00	4.229368e+00	1.315869e+00	4.489488e-04	4.490261e-04
2.941000000000000e+03	5.546408e+00	4.228939e+00	1.317243e+00	4.478893e-04	4.479665e-04
2.951000000000000e+03	5.547349e+00	4.228512e+00	1.318610e+00	4.468349e-04	4.469119e-04
2.961000000000000e+03	5.548285e+00	4.228087e+00	1.319971e+00	4.457854e-04	4.458622e-04
2.971000000000000e+03	5.549217e+00	4.227664e+00	1.321325e+00	4.447408e-04	4.448174e-04
2.981000000000000e+03	5.550144e+00	4.227243e+00	1.322673e+00	4.437011e-04	4.437776e-04
2.991000000000000e+03	5.551067e+00	4.226824e+00	1.324015e+00	4.426663e-04	4.427426e-04
3.001000000000000e+03	5.551986e+00	4.226408e+00	1.325351e+00	4.416363e-04	4.417124e-04
3.011000000000000e+03	5.552901e+00	4.225992e+00	1.326680e+00	4.406111e-04	4.406870e-04
3.021000000000000e+03	5.553811e+00	4.225579e+00	1.328003e+00	4.395906e-04	4.396663e-04
3.031000000000000e+03	5.554717e+00	4.225168e+00	1.329320e+00	4.385748e-04	4.386504e-04
3.041000000000000e+03	5.555619e+00	4.224759e+00	1.330631e+00	4.375637e-04	4.376391e-04
3.051000000000000e+03	5.556517e+00	4.224351e+00	1.331936e+00	4.365573e-04	4.366325e-04
3.061000000000000e+03	5.557411e+00	4.223946e+00	1.333235e+00	4.355555e-04	4.356305e-04
3.071000000000000e+03	5.558300e+00	4.223542e+00	1.334528e+00	4.345582e-04	4.346331e-04
3.081000000000000e+03	5.559186e+00	4.223140e+00	1.335815e+00	4.335656e-04	4.336403e-04
3.091000000000000e+03	5.560067e+00	4.222740e+00	1.337097e+00	4.325774e-04	4.326519e-04
3.101000000000000e+03	5.560945e+00	4.222342e+00	1.338372e+00	4.315937e-04	4.316681e-04
3.111000000000000e+03	5.561818e+00	4.221945e+00	1.339642e+00	4.306146e-04	4.306888e-04
3.121000000000000e+03	5.562688e+00	4.221551e+00	1.340906e+00	4.296398e-04	4.297138e-04
3.131000000000000e+03	5.563553e+00	4.221158e+00	1.342164e+00	4.286694e-04	4.287433e-04
3.141000000000000e+03	5.564415e+00	4.220767e+00	1.343417e+00	4.277035e-04	4.277772e-04
3.151000000000000e+03	5.565273e+00	4.220377e+00	1.344664e+00	4.267418e-04	4.268154e-04
3.161000000000000e+03	5.566127e+00	4.219990e+00	1.345905e+00	4.257845e-04	4.258579e-04
3.171000000000000e+03	5.566977e+00	4.219604e+00	1.347141e+00	4.248315e-04	4.249047e-04
3.181000000000000e+03	5.567823e+00	4.219220e+00	1.348371e+00	4.238827e-04	4.239557e-04
3.191000000000000e+03	5.568666e+00	4.218838e+00	1.349596e+00	4.229381e-04	4.230110e-04
3.201000000000000e+03	5.569505e+00	4.218457e+00	1.350815e+00	4.219978e-04	4.220705e-04
3.211000000000000e+03	5.570340e+00	4.218078e+00	1.352029e+00	4.210616e-04	4.211341e-04
3.221000000000000e+03	5.571171e+00	4.217701e+00	1.353237e+00	4.201296e-04	4.202019e-04
3.231000000000000e+03	5.571999e+00	4.217325e+00	1.354441e+00	4.192016e-04	4.192739e-04
3.241000000000000e+03	5.572823e+00	4.216951e+00	1.355638e+00	4.182778e-04	4.183499e-04
3.251000000000000e+03	5.573644e+00	4.216579e+00	1.356831e+00	4.173580e-04	4.174300e-04
3.261000000000000e+03	5.574461e+00	4.216208e+00	1.358018e+00	4.164423e-04	4.165141e-04
3.271000000000000e+03	5.575274e+00	4.215839e+00	1.359201e+00	4.155306e-04	4.156022e-04
3.281000000000000e+03	5.576084e+00	4.215471e+00	1.360378e+00	4.146229e-04	4.146943e-04
3.291000000000000e+03	5.576890e+00	4.215106e+00	1.361549e+00	4.137191e-04	4.137903e-04
3.301000000000000e+03	5.577693e+00	4.214741e+00	1.362716e+00	4.128192e-04	4.128903e-04
3.311000000000000e+03	5.578492e+00	4.214379e+00	1.363878e+00	4.119233e-04	4.119943e-04
3.321000000000000e+03	5.579288e+00	4.214017e+00	1.365035e+00	4.110312e-04	4.111021e-04
3.331000000000000e+03	5.580080e+00	4.213658e+00	1.366186e+00	4.101430e-04	4.102137e-04
3.341000000000000e+03	5.580869e+00	4.213300e+00	1.367333e+00	4.092586e-04	4.093292e-04
3.351000000000000e+03	5.581654e+00	4.212944e+00	1.368475e+00	4.083781e-04	4.084484e-04
3.361000000000000e+03	5.582436e+00	4.212588e+00	1.369612e+00	4.075013e-04	4.075715e-04
3.371000000000000e+03	5.583215e+00	4.212235e+00	1.370744e+00	4.066282e-04	4.066983e-04
3.381000000000000e+03	5.583991e+00	4.211883e+00	1.371871e+00	4.057590e-04	4.058288e-04
3.391000000000000e+03	5.584763e+00	4.211533e+00	1.372993e+00	4.048934e-04	4.049631e-04
3.401000000000000e+03	5.585532e+00	4.211184e+00	1.374111e+00	4.040315e-04	4.041011e-04
3.411000000000000e+03	5.586297e+00	4.210836e+00	1.375224e+00	4.031732e-04	4.032427e-04
3.421000000000000e+03	5.587059e+00	4.210490e+00	1.376332e+00	4.023186e-04	4.023879e-04
3.431000000000000e+03	5.587819e+00	4.210146e+00	1.377435e+00	4.014676e-04	4.015368e-04
3.441000000000000e+03	5.588574e+00	4.209803e+00	1.378534e+00	4.006202e-04	4.006892e-04
3.451000000000000e+03	5.589327e+00	4.209461e+00	1.379628e+00	3.997764e-04	3.998453e-04
3.461000000000000e+03	5.590077e+00	4.209121e+00	1.380718e+00	3.989361e-04	3.990048e-04
3.471000000000000e+03	5.590823e+00	4.208782e+00	1.381803e+00	3.980994e-04	3.981679e-04
3.481000000000000e+03	5.591567e+00	4.208445e+00	1.382883e+00	3.972661e-04	3.973345e-04
3.491000000000000e+03	5.592307e+00	4.208109e+00	1.383959e+00	3.964363e-04	3.965046e-04
3.501000000000000e+03	5.593044e+00	4.207775e+00	1.385031e+00	3.956100e-04	3.956782e-04
3.511000000000000e+03	5.593778e+00	4.207441e+00	1.386098e+00	3.947871e-04	3.948552e-04
3.521000000000000e+03	5.594509e+00	4.207109e+00	1.387160e+00	3.939677e-04	3.940356e-04
3.531000000000000e+03	5.595237e+00	4.206779e+00	1.388218e+00	3.931516e-04	3.932194e-04
3.541000000000000e+03	5.595962e+00	4.206450e+00	1.389272e+00	3.923389e-04	3.924065e-04
3.551000000000000e+03	5.596684e+00	4.206122e+00	1.390322e+00	3.915296e-04	3.915970e-04
3.561000000000000e+03	5.597403e+00	4.205796e+00	1.391367e+00	3.907236e-04	3.907909e-04
3.571000000000000e+03	5.598119e+00	4.205472e+00	1.392408e+00	3.899209e-04	3.899881e-04
3.581000000000000e+03	5.598832e+00	4.205148e+00	1.393444e+00	3.891215e-04	3.891885e-04
3.591000000000000e+03	5.599542e+00	4.204825e+00	1.394476e+00	3.883254e-04	3.883922e-04
3.601000000000000e+03	5.600249e+00	4.204504e+00	1.395504e+00	3.875325e-04	3.875993e-04
3.611000000000000e+03	5.600954e+00	4.204185e+00	1.396528e+00	3.867428e-04	3.868095e-04
3.621000000000000e+03	5.601655e+00	4.203866e+00	1.397548e+00	3.859564e-04	3.860229e-04
3.631000000000000e+03	5.602354e+00	4.203549e+00	1.398564e+00	3.851732e-04	3.852395e-04
3.641000000000000e+03	5.603050e+00	4.203234e+00	1.399575e+00	3.843931e-04	3.844593e-04
3.651000000000000e+03	5.603743e+00	4.202919e+00	1.400583e+00	3.836162e-04	3.836822e-04
3.661000000000000e+03	5.604433e+00	4.202606e+00	1.401586e+00	3.828424e-04	3.829083e-04
3.671000000000000e+03	5.605121e+00	4.202294e+00	1.402585e+00	3.820717e-04	3.821375e-04
3.681000000000000e+03	5.605805e+00	4.201983e+00	1.403580e+00	3.813041e-04	3.813698e-04
3.691000000000000e+03	5.606487e+00	4.201674e+00	1.404572e+00	3.805396e-04	3.806052e-04
3.701000000000000e+03	5.607166e+00	4.201365e+00	1.405559e+00	3.797782e-04	3.798436e-04
3.711000000000000e+03	5.607843e+00	4.201058e+00	1.406542e+00	3.790198e-04	3.790851e-04
3.721000000000000e+03	5.608517e+00	4.200752e+00	1.407522e+00	3.782644e-04	3.783296e-04
3.731000000000000e+03	5.609188e+00	4.200448e+00	1.408497e+00	3.775120e-04	3.775771e-04
3.741000000000000e+03	5.609857e+00	4.200144e+00	1.409469e+00	3.767627e-04	3.768276e-04
3.751000000000000e+03	5.610522e+00	4.199842e+00	1.410437e+00	3.760163e-04	3.760810e-04
3.761000000000000e+03	5.611186e+00	4.199542e+00	1.411401e+00	3.752728e-04	3.753375e-04
3.771000000000000e+03	5.611846e+00	4.199242e+00	1.412361e+00	3.745323e-04	3.745968e-04
3.781000000000000e+03	5.612504e+00	4.198943e+00	1.413318e+00	3.737947e-04	3.738591e-04
3.791000000000000e+03	5.613160e+00	4.198646e+00	1.414270e+00	3.730600e-04	3.731242e-04
3.801000000000000e+03	5.613812e+00	4.198349e+00	1.415219e+00	3.723281e-04	3.723923e-04
3.811000000000000e+03	5.614462e+00	4.198054e+00	1.416164e+00	3.715992e-04	3.716632e-04
3.821000000000000e+03	5.615110e+00	4.197760e+00	1.417106e+00	3.708731e-04	3.709370e-04
3.831000000000000e+03	5.615756e+00	4.197467e+00	1.418044e+00	3.701498e-04	3.702136e-04
3.841000000000000e+03	5.616398e+00	4.197176e+00	1.418978e+00	3.694293e-04	3.694929e-04
3.851000000000000e+03	5.617038e+00	4.196885e+00	1.419909e+00	3.687117e-04	3.687752e-04
3.861000000000000e+03	5.617676e+00	4.196596e+00	1.420835e+00	3.679968e-04	3.680602e-04
3.871000000000000e+03	5.618311e+00	4.196308e+00	1.421759e+00	3.672847e-04	3.673479e-04
3.881000000000000e+03	5.618944e+00	4.196020e+00	1.422679e+00	3.665753e-04	3.666384e-04
3.891000000000000e+03	5.619575e+00	4.195734e+00	1.423595e+00	3.658686e-04	3.659317e-04
3.901000000000000e+03	5.620203e+00	4.195449e+00	1.424508e+00	3.651647e-04	3.652277e-04
3.911000000000000e+03	5.620828e+00	4.195166e+00	1.425417e+00	3.644635e-04	3.645263e-04
3.921000000000000e+03	5.621451e+00	4.194883e+00	1.426323e+00	3.637650e-04	3.638277e-04
3.931000000000000e+03	5.622072e+00	4.194601e+00	1.427225e+00	3.630692e-04	3.631317e-04
3.941000000000000e+03	5.622690e+00	4.194320e+00	1.428124e+00	3.623760e-04	3.624384e-04
3.951000000000000e+03	5.623306e+00	4.194041e+00	1.429019e+00	3.616854e-04	3.617477e-04
3.961000000000000e+03	5.623920e+00	4.193762e+00	1.429911e+00	3.609975e-04	3.610597e-04
3.971000000000000e+03	5.624531e+00	4.193485e+00	1.430800e+00	3.603122e-04	3.603743e-04
3.981000000000000e+03	5.625140e+00	4.193208e+00	1.431685e+00	3.596295e-04	3.596914e-04
3.991000000000000e+03	5.625747e+00	4.192933e+00	1.432567e+00	3.589494e-04	3.590112e-04
4.001000000000000e+03	5.626351e+00	4.192659e+00	1.433445e+00	3.582718e-04	3.583335e-04
4.011000000000000e+03	5.626953e+00	4.192386e+00	1.434321e+00	3.575968e-04	3.576584e-04
4.021000000000000e+03	5.627553e+00	4.192113e+00	1.435193e+00	3.569243e-04	3.569858e-04
4.031000000000000e+03	5.628151e+00	4.191842e+00	1.436061e+00	3.562544e-04	3.563158e-04
4.041000000000000e+03	5.628746e+00	4.191572e+00	1.436927e+00	3.555869e-04	3.556482e-04
4.051000000000000e+03	5.629339e+00	4.191303e+00	1.437789e+00	3.549220e-04	3.549831e-04
4.061000000000000e+03	5.629930e+00	4.191034e+00	1.438648e+00	3.542595e-04	3.543206e-04
4.071000000000000e+03	5.630519e+00	4.190767e+00	1.439504e+00	3.535995e-04	3.536605e-04
4.081000000000000e+03	5.631105e+00	4.190501e+00	1.440356e+00	3.529420e-04	3.530028e-04
4.091000000000000e+03	5.631690e+00	4.190236e+00	1.441206e+00	3.522869e-04	3.523476e-04
4.101000000000000e+03	5.632272e+00	4.189972e+00	1.442052e+00	3.516343e-04	3.516948e-04
4.111000000000000e+03	5.632852e+00	4.189708e+00	1.442895e+00	3.509840e-04	3.510445e-04
4.121000000000000e+03	5.633430e+00	4.189446e+00	1.443735e+00	3.503361e-04	3.503965e-04
4.131000000000000e+03	5.634006e+00	4.189185e+00	1.444572e+00	3.496907e-04	3.497509e-04
4.141000000000000e+03	5.634580e+00	4.188925e+00	1.445406e+00	3.490476e-04	3.491077e-04
4.151000000000000e+03	5.635151e+00	4.188665e+00	1.446237e+00	3.484068e-04	3.484669e-04
4.161000000000000e+03	5.635721e+00	4.188407e+00	1.447065e+00	3.477685e-04	3.478284e-04
4.171000000000000e+03	5.636288e+00	4.188149e+00	1.447889e+00	3.471324e-04	3.471922e-04
4.181000000000000e+03	5.636853e+00	4.187893e+00	1.448711e+00	3.464987e-04	3.465584e-04
4.191000000000000e+03	5.637416e+00	4.187637e+00	1.449530e+00	3.458673e-04	3.459269e-04
4.201000000000000e+03	5.637978e+00	4.187382e+00	1.450346e+00	3.452382e-04	3.452977e-04
4.211000000000000e+03	5.638537e+00	4.187129e+00	1.451158e+00	3.446113e-04	3.446707e-04
4.221000000000000e+03	5.639094e+00	4.186876e+00	1.451968e+00	3.439868e-04	3.440460e-04
4.231000000000000e+03	5.639649e+00	4.186624e+00	1.452775e+00	3.433645e-04	3.434236e-04
4.241000000000000e+03	5.640203e+00	4.186373e+00	1.453579e+00	3.427444e-04	3.428035e-04
4.251000000000000e+03	5.640753e+00	4.186123e+00	1.454380e+00	3.421266e-04	3.421856e-04
4.261000000000000e+03	5.641303e+00	4.185874e+00	1.455178e+00	3.415110e-04	3.415698e-04
4.271000000000000e+03	5.641850e+00	4.185625e+00	1.455974e+00	3.408976e-04	3.409564e-04
4.281000000000000e+03	5.642395e+00	4.185378e+00	1.456766e+00	3.402864e-04	3.403451e-04
4.291000000000000e+03	5.642938e+00	4.185131e+00	1.457556e+00	3.396774e-04	3.397360e-04
4.301000000000000e+03	5.643479e+00	4.184886e+00	1.458343e+00	3.390706e-04	3.391290e-04
4.311000000000000e+03	5.644019e+00	4.184641e+00	1.459127e+00	3.384660e-04	3.385243e-04
4.321000000000000e+03	5.644557e+00	4.184397e+00	1.459908e+00	3.378635e-04	3.379217e-04
4.331000000000000e+03	5.645092e+00	4.184154e+00	1.460686e+00	3.372631e-04	3.373212e-04
4.341000000000000e+03	5.645626e+00	4.183912e+00	1.461462e+00	3.366649e-04	3.367228e-04
4.351000000000000e+03	5.646157e+00	4.183671e+00	1.462235e+00	3.360687e-04	3.361266e-04
4.361000000000000e+03	5.646687e+00	4.183430e+00	1.463005e+00	3.354747e-04	3.355325e-04
4.371000000000000e+03	5.647215e+00	4.183190e+00	1.463773e+00	3.348828e-04	3.349405e-04
4.381000000000000e+03	5.647741e+00	4.182951e+00	1.464538e+00	3.342930e-04	3.343506e-04
4.391000000000000e+03	5.648266e+00	4.182714e+00	1.465300e+00	3.337052e-04	3.337627e-04
4.401000000000000e+03	5.648788e+00	4.182477e+00	1.466059e+00	3.331196e-04	3.331770e-04
4.411000000000000e+03	5.649309e+00	4.182240e+00	1.466816e+00	3.325359e-04	3.325932e-04
4.421000000000000e+03	5.649827e+00	4.182004e+00	1.467570e+00	3.319543e-04	3.320115e-04
4.431000000000000e+03	5.650344e+00	4.181770e+00	1.468322e+00	3.313748e-04	3.314319e-04
4.441000000000000e+03	5.650860e+00	4.181536e+00	1.469070e+00	3.307972e-04	3.308542e-04
4.451000000000000e+03	5.651373e+00	4.181303e+00	1.469817e+00	3.302217e-04	3.302786e-04
4.461000000000000e+03	5.651885e+00	4.181071e+00	1.470560e+00	3.296481e-04	3.297049e-04
4.471000000000000e+03	5.652395e+00	4.180840e+00	1.471302e+00	3.290766e-04	3.291333e-04
4.481000000000000e+03	5.652903e+00	4.180609e+00	1.472040e+00	3.285070e-04	3.285636e-04
4.491000000000000e+03	5.653409e+00	4.180379e+00	1.472776e+00	3.279394e-04	3.279959e-04
4.501000000000000e+03	5.653913e+00	4.180151e+00	1.473509e+00	3.273738e-04	3.274302e-04
4.511000000000000e+03	5.654417e+00	4.179922e+00	1.474240e+00	3.268101e-04	3.268664e-04
4.521000000000000e+03	5.654918e+00	4.179695e+00	1.474969e+00	3.262484e-04	3.263046e-04
4.531000000000000e+03	5.655417e+00	4.179468e+00	1.475695e+00	3.256885e-04	3.257446e-04
4.541000000000000e+03	5.655915e+00	4.179242e+00	1.476418e+00	3.251306e-04	3.251866e-04
4.551000000000000e+03	5.656411e+00	4.179017e+00	1.477139e+00	3.245746e-04	3.246305e-04
4.561000000000000e+03	5.656905e+00	4.178793e+00	1.477857e+00	3.240205e-04	3.240763e-04
4.571000000000000e+03	5.657397e+00	4.178569e+00	1.478574e+00	3.234683e-04	3.235240e-04
4.581000000000000e+03	5.657888e+00	4.178347e+00	1.479287e+00	3.229179e-04	3.229736e-04
4.591000000000000e+03	5.658378e+00	4.178124e+00	1.479998e+00	3.223695e-04	3.224250e-04
4.601000000000000e+03	5.658865e+00	4.177903e+00	1.480707e+00	3.218229e-04	3.218783e-04
4.611000000000000e+03	5.659351e+00	4.177682e+00	1.481413e+00	3.212781e-04	3.213335e-04
4.621000000000000e+03	5.659835e+00	4.177463e+00	1.482117e+00	3.207352e-04	3.207905e-04
4.631000000000000e+03	5.660318e+00	4.177244e+00	1.482819e+00	3.201941e-04	3.202493e-04
4.641000000000000e+03	5.660799e+00	4.177025e+00	1.483518e+00	3.196549e-04	3.197099e-04
4.651000000000000e+03	5.661279e+00	4.176808e+00	1.484215e+00	3.191174e-04	3.191724e-04
4.661000000000000e+03	5.661757e+00	4.176591e+00	1.484910e+00	3.185818e-04	3.186367e-04
4.671000000000000e+03	5.662233e+00	4.176375e+00	1.485602e+00	3.180479e-04	3.181027e-04
4.681000000000000e+03	5.662707e+00	4.176159e+00	1.486292e+00	3.175159e-04	3.175706e-04
4.691000000000000e+03	5.663180e+00	4.175945e+00	1.486979e+00	3.169856e-04	3.170402e-04
4.701000000000000e+03	5.663652e+00	4.175731e+00	1.487665e+00	3.164571e-04	3.165116e-04
4.711000000000000e+03	5.664122e+00	4.175518e+00	1.488348e+00	3.159303e-04	3.159847e-04
4.721000000000000e+03	5.664590e+00	4.175305e+00	1.489028e+00	3.154053e-04	3.154596e-04
4.731000000000000e+03	5.665057e+00	4.175093e+00	1.489707e+00	3.148821e-04	3.149363e-04
4.741000000000000e+03	5.665522e+00	4.174882e+00	1.490383e+00	3.143605e-04	3.144147e-04
4.751000000000000e+03	5.665986e+00	4.174672e+00	1.491057e+00	3.138407e-04	3.138948e-04
4.761000000000000e+03	5.666448e+00	4.174462e+00	1.491729e+00	3.133226e-04	3.133766e-04
4.771000000000000e+03	5.666909e+00	4.174253e+00	1.492399e+00	3.128062e-04	3.128601e-04
4.781000000000000e+03	5.667367e+00	4.174045e+00	1.493066e+00	3.122916e-04	3.123453e-04
4.791000000000000e+03	5.667825e+00	4.173837e+00	1.493731e+00	3.117786e-04	3.118323e-04
4.801000000000000e+03	5.668282e+00	4.173630e+00	1.494394e+00	3.112672e-04	3.113209e-04
4.811000000000000e+03	5.668736e+00	4.173424e+00	1.495055e+00	3.107576e-04	3.108112e-04
4.821000000000000e+03	5.669189e+00	4.173218e+00	1.495714e+00	3.102497e-04	3.103031e-04
4.831000000000000e+03	5.669641e+00	4.173013e+00	1.496370e+00	3.097433e-04	3.097967e-04
4.841000000000000e+03	5.670091e+00	4.172809e+00	1.497024e+00	3.092387e-04	3.092919e-04
4.851000000000000e+03	5.670540e+00	4.172605e+00	1.497677e+00	3.087356e-04	3.087888e-04
4.861000000000000e+03	5.670987e+00	4.172402e+00	1.498327e+00	3.082343e-04	3.082874e-04
4.871000000000000e+03	5.671433e+00	4.172200e+00	1.498975e+00	3.077345e-04	3.077875e-04
4.881000000000000e+03	5.671877e+00	4.171998e+00	1.499621e+00	3.072364e-04	3.072893e-04
4.891000000000000e+03	5.672320e+00	4.171797e+00	1.500265e+00	3.067399e-04	3.067927e-04
4.901000000000000e+03	5.672761e+00	4.171597e+00	1.500906e+00	3.062449e-04	3.062977e-04
4.911000000000000e+03	5.673202e+00	4.171397e+00	1.501546e+00	3.057516e-04	3.058042e-04
4.921000000000000e+03	5.673640e+00	4.171198e+00	1.502184e+00	3.052598e-04	3.053124e-04
4.931000000000000e+03	5.674078e+00	4.171000e+00	1.502819e+00	3.047697e-04	3.048222e-04
4.941000000000000e+03	5.674513e+00	4.170802e+00	1.503453e+00	3.042811e-04	3.043335e-04
4.951000000000000e+03	5.674948e+00	4.170605e+00	1.504084e+00	3.037940e-04	3.038464e-04
4.961000000000000e+03	5.675381e+00	4.170408e+00	1.504714e+00	3.033086e-04	3.033608e-04
4.971000000000000e+03	5.675813e+00	4.170212e+00	1.505341e+00	3.028246e-04	3.028768e-04
4.981000000000000e+03	5.676243e+00	4.170017e+00	1.505967e+00	3.023422e-04	3.023943e-04
4.991000000000000e+03	5.676672e+00	4.169822e+00	1.506590e+00	3.018614e-04	3.019134e-04
5.000000000000000e+03	5.677057e+00	4.169647e+00	1.507150e+00	3.014299e-04	3.014819e-04
